32 104
1
2
3
4
5
6
7
8
9
10
11
12
13
14
15
16
17
18
19
20
21
22
23
24
25
26
27
28
29
30
31
32
1 2 100
2 1 100

2 3 100
3 2 100

3 4 100
4 3 100

4 5 1
5 4 1

5 6 100
6 5 100

6 7 100
7 6 100

7 8 1
8 7 1

1 9 1
9 1 1

9 10 100
10 9 100

10 2 100
2 10 100

10 11 100
11 10 100

11 3 100
3 11 100

11 12 100
12 11 100

12 4 1
4 12 1

12 13 100
13 12 100

13 5 100
5 13 100

13 14 100
14 13 100

14 6 100
6 14 100

14 15 100
15 14 100

15 7 100
7 15 100

15 16 100
16 15 100

8 16 1
16 8 1

17 9 1
9 17 1

17 18 1
18 17 1

18 10 100
10 18 100

18 19 100
19 18 100

19 11 100
11 19 100

19 20 100 
20 19 100

20 12 1
12 20 1

20 21 100
21 20 100

21 13 100
13 21 100

21 22 100
22 21 100

22 14 100
14 22 100

22 23 100
23 22 100

23 15 100
15 23 100

23 24 1
24 23 1

24 16 1
16 24 1

25 17 1
17 25 1

25 26 1 
26 25 1

26 18 1
18 26 1

26 27 1
27 26 1

27 19 100
19 27 100

27 28 1
28 27 1

28 20 1
20 28 1

28 29 1
29 28 1

29 21 100
21 29 100

29 30 1
30 29 1

30 22 100
22 30 100

30 31 1
31 30 1

31 23 1
23 31 1

31 32 100
32 31 100

32 24 100
24 32 100





